290525024892
230525027381
300525033884
300525032989
310525014478
020425008271
300525503704
220425010711
290525915493
300525931376
300525500910
190525013270
290525924852
300525931767
250425005084
300525019366
280525030583
270525928942
270525928974
270525928911
300525501680
210325022858
300525500095
050325025072
130525025015
130225014528
290525036760
190525913281
230525922565
270525938404
270525501411
270525936916
290525032392
300525503243
280525501795
270525935266
270525934006
270525931538
290525917920
270525936914
300525926072
300525926066
300525926063
300525926043
300525926003
300525925968
300525021013
191023500125
180525004331
300525014826
300525922351
300525916088
300525015535
190525913259
240425012253
210425008740
310525501863
280525929489
290525018289
290525940626
270525921251
210525504852
300525502478
200525923668
310525502397
200525931037
210525503550
300525015795
230525502227
300525922881
260525501102
300525037449
310525000122
210425008649
290525939862
290525939535
300525916109
280525033688
270525928931
300525922336
270525928938
270525024109
280525501362
270525929768
200525501248
280525503174
200325012076
270525931088
220525018297
260525502405
270525928936
270525928991
160525939417
090525913053
090525913043
280525503173
260225005472
230525918403
220525933684
190525909674
190525906657
190525906656
130125505812
140525915046
110724502800
260425502055
020525913692
270924503642
271223501788
101122502454
140525915039
210225500136
111124502361
170425504613
061224503583
090525922858
090525922843
160525926672
270325500357
080525914789
130125507119
300525930599
140525914982
200525020310
270525021298
020525902374
041224012799
170325001226
200525924288
300425916486
300525930464
160425014734
310525017257
250425027108
261224501168
270525929733
270525928954
270525024954
280525025066
010525908470
010525907875
300525031162
240425500913
300525923385
210525029950
220525934793
120525912959
150525014061
140525921365
310525012243
300425009043
200525034897
090525007585
140525503521
270525929675
270525929743
270525929677
050525003077
050325025144
290125020956
210525019916
300525921827
230525922678
310525019297
300525503625
220525502313
300525921824
290525502742
310525017977
191224000083
260525018368
230525922674
170525500652
170525500226
270525929770
280525018564
280525917910
290525017435
210325023026
090525025128
260525010452
200525923264
300425018591
230525924766
240525014137
260525005684
240525500991
200525015717
190525910812
290525930184
290525020998
210525032179
210525015041
170525019593
290525939809
270525502028
290525019842
280525503136
